NM_002087.2
+
10962	GRN	GRN
1	1
NP_002078.1
220	2001
42422491	42422702	UTR-5	1	212
42422703	42426525	intron
42426526	42426532	UTR-5	213	219
42426533	42426670	exon	220	357	1	138
42426671	42426793	intron
42426794	42426919	exon	358	483	139	264
42426920	42427034	intron
42427035	42427119	exon	484	568	265	349
42427120	42427595	intron
42427596	42427708	exon	569	681	350	462
42427709	42427809	intron
42427810	42427945	exon	682	817	463	598
42427946	42428058	intron
42428059	42428168	exon	818	927	599	708
42428169	42428404	intron
42428405	42428531	exon	928	1054	709	835
42428532	42428730	intron
42428731	42428828	exon	1055	1152	836	933
42428829	42428917	intron
42428918	42429163	exon	1153	1398	934	1179
42429164	42429382	intron
42429383	42429616	exon	1399	1632	1180	1413
42429617	42429708	intron
42429709	42429939	exon	1633	1863	1414	1644
42429940	42430028	intron
42430029	42430166	exon	1864	2001	1645	1782
42430167	42430470	UTR-3	2002	2305
