NM_005910.5
+
15362	MAPT	MAPT
1	1
NP_005901.2
323	1648
43971748	43972052	UTR-5	1	305
43972053	44039686	intron
44039687	44039703	UTR-5	306	322
44039704	44039836	exon	323	455	1	133
44039837	44049224	intron
44049225	44049311	exon	456	542	134	220
44049312	44051750	intron
44051751	44051837	exon	543	629	221	307
44051838	44055740	intron
44055741	44055806	exon	630	695	308	373
44055807	44064405	intron
44064406	44064461	exon	696	751	374	429
44064462	44068825	intron
44068826	44068952	exon	752	878	430	556
44068953	44073764	intron
44073765	44074030	exon	879	1144	557	822
44074031	44087675	intron
44087676	44087768	exon	1145	1237	823	915
44087769	44091608	intron
44091609	44091690	exon	1238	1319	916	997
44091691	44095983	intron
44095984	44096096	exon	1320	1432	998	1110
44096097	44101321	intron
44101322	44101537	exon	1433	1648	1111	1326
44101538	44105700	UTR-3	1649	5811
