Npoints	Distance	p_value	start	end	N_perm
9	12	0.000700	582	594	10000
23	52	0.000500	401	453	10000
33	88	0.000800	401	489	10000
34	91	0.000600	401	492	10000
34	91	0.000600	403	494	10000
34	91	0.000600	401	492	10000
34	91	0.000600	403	494	10000
35	93	0.000400	401	494	10000
35	95	0.000800	403	498	10000
36	97	0.000700	401	498	10000
36	97	0.000700	403	500	10000
36	97	0.000700	401	498	10000
36	97	0.000700	403	500	10000
37	99	0.000500	401	500	10000
37	100	0.000800	403	503	10000
38	102	0.000500	401	503	10000
58	193	0.000900	401	594	10000
59	196	0.000900	401	597	10000
60	202	0.000900	401	603	10000
