Npoints	Distance	p_value	start	end	N_perm
4	6	0.000190	1325	1331	100000
8	73	0.000860	1208	1281	100000
10	106	0.000300	1223	1329	100000
10	107	0.000310	1224	1331	100000
10	117	0.000680	1230	1347	100000
10	118	0.000740	1118	1236	100000
10	118	0.000740	1208	1326	100000
10	118	0.000740	1118	1236	100000
10	118	0.000740	1208	1326	100000
10	122	0.000980	1159	1281	100000
11	108	0.000050	1223	1331	100000
11	121	0.000170	1208	1329	100000
11	123	0.000200	1224	1347	100000
11	135	0.000460	1137	1272	100000
11	136	0.000490	1100	1236	100000
11	138	0.000500	1092	1230	100000
11	142	0.000650	1139	1281	100000
11	147	0.000820	1230	1377	100000
11	148	0.000870	1118	1266	100000
12	123	0.000030	1208	1331	100000
12	124	0.000040	1223	1347	100000
12	144	0.000130	1092	1236	100000
12	144	0.000130	1137	1281	100000
12	144	0.000130	1092	1236	100000
12	144	0.000130	1137	1281	100000
12	153	0.000250	1224	1377	100000
12	154	0.000260	1118	1272	100000
12	156	0.000270	1173	1329	100000
12	166	0.000520	1100	1266	100000
12	167	0.000560	1159	1326	100000
13	139	0.000000	1208	1347	100000
13	154	0.000070	1223	1377	100000
13	158	0.000100	1173	1331	100000
13	163	0.000100	1118	1281	100000
13	170	0.000130	1159	1329	100000
13	172	0.000150	1100	1272	100000
13	174	0.000190	1092	1266	100000
13	185	0.000340	1224	1409	100000
13	187	0.000410	1139	1326	100000
13	188	0.000430	1137	1325	100000
13	198	0.000670	1230	1428	100000
14	169	0.000000	1208	1377	100000
14	172	0.000010	1159	1331	100000
14	174	0.000020	1173	1347	100000
14	180	0.000040	1092	1272	100000
14	181	0.000040	1100	1281	100000
14	186	0.000050	1223	1409	100000
14	189	0.000070	1137	1326	100000
14	190	0.000070	1139	1329	100000
14	204	0.000230	1224	1428	100000
14	207	0.000250	1118	1325	100000
15	188	0.000000	1159	1347	100000
15	189	0.000000	1092	1281	100000
15	192	0.000000	1137	1329	100000
15	192	0.000000	1139	1331	100000
15	192	0.000000	1137	1329	100000
15	192	0.000000	1139	1331	100000
15	201	0.000010	1208	1409	100000
15	204	0.000020	1173	1377	100000
15	205	0.000020	1223	1428	100000
15	208	0.000020	1118	1326	100000
15	225	0.000110	1100	1325	100000
15	263	0.000750	1224	1487	100000
16	194	0.000000	1137	1331	100000
16	208	0.000010	1139	1347	100000
16	211	0.000010	1118	1329	100000
16	218	0.000010	1159	1377	100000
16	220	0.000020	1208	1428	100000
16	226	0.000020	1100	1326	100000
16	233	0.000020	1092	1325	100000
16	236	0.000040	1173	1409	100000
16	264	0.000140	1223	1487	100000
17	210	0.000000	1137	1347	100000
17	213	0.000000	1118	1331	100000
17	229	0.000010	1100	1329	100000
17	234	0.000010	1092	1326	100000
17	238	0.000010	1139	1377	100000
17	250	0.000020	1159	1409	100000
17	255	0.000020	1173	1428	100000
17	279	0.000060	1208	1487	100000
17	315	0.000350	1223	1538	100000
18	229	0.000000	1118	1347	100000
18	231	0.000000	1100	1331	100000
18	237	0.000010	1092	1329	100000
18	240	0.000010	1137	1377	100000
18	269	0.000010	1159	1428	100000
18	270	0.000010	1139	1409	100000
18	314	0.000080	1173	1487	100000
18	330	0.000180	1208	1538	100000
18	369	0.000710	1223	1592	100000
19	239	0.000000	1092	1331	100000
19	247	0.000000	1100	1347	100000
19	259	0.000000	1118	1377	100000
19	272	0.000000	1137	1409	100000
19	289	0.000000	1139	1428	100000
19	328	0.000020	1159	1487	100000
19	365	0.000130	1173	1538	100000
19	379	0.000230	1223	1602	100000
19	384	0.000300	1208	1592	100000
20	255	0.000000	1092	1347	100000
20	277	0.000000	1100	1377	100000
20	291	0.000000	1118	1409	100000
20	291	0.000000	1137	1428	100000
20	291	0.000000	1118	1409	100000
20	291	0.000000	1137	1428	100000
20	348	0.000010	1139	1487	100000
20	379	0.000040	1159	1538	100000
20	394	0.000070	1208	1602	100000
20	419	0.000240	1173	1592	100000
21	285	0.000000	1092	1377	100000
21	309	0.000000	1100	1409	100000
21	310	0.000000	1118	1428	100000
21	350	0.000000	1137	1487	100000
21	399	0.000030	1139	1538	100000
21	429	0.000100	1173	1602	100000
21	433	0.000100	1159	1592	100000
22	317	0.000000	1092	1409	100000
22	328	0.000000	1100	1428	100000
22	369	0.000000	1118	1487	100000
22	401	0.000010	1137	1538	100000
22	443	0.000030	1159	1602	100000
22	453	0.000040	1139	1592	100000
23	336	0.000000	1092	1428	100000
23	387	0.000000	1100	1487	100000
23	420	0.000000	1118	1538	100000
23	455	0.000010	1137	1592	100000
23	463	0.000020	1139	1602	100000
24	395	0.000000	1092	1487	100000
24	438	0.000000	1100	1538	100000
24	465	0.000000	1137	1602	100000
24	474	0.000000	1118	1592	100000
25	446	0.000000	1092	1538	100000
25	484	0.000000	1118	1602	100000
25	492	0.000000	1100	1592	100000
26	500	0.000000	1092	1592	100000
26	502	0.000000	1100	1602	100000
27	510	0.000000	1092	1602	100000
